{"nbformat":4,"nbformat_minor":0,"metadata":{"colab":{"provenance":[],"mount_file_id":"1UpU-8c72iOyW8hkcH4RRRswnk_tzzbzL","authorship_tag":"ABX9TyNagUhJIt+8HSOUKGujqd4l"},"kernelspec":{"name":"python3","display_name":"Python 3"},"language_info":{"name":"python"}},"cells":[{"cell_type":"code","execution_count":1,"metadata":{"id":"NDTn0yM2kqmO","executionInfo":{"status":"ok","timestamp":1711553598804,"user_tz":-330,"elapsed":1998,"user":{"displayName":"Hari K G","userId":"05320842881959969688"}}},"outputs":[],"source":["import numpy as np\n","import pandas as pd"]},{"cell_type":"code","source":["data=pd.read_csv(\"/content/drive/MyDrive/4th SEM/Datasets/houseprice - houseprice (2).csv\")"],"metadata":{"id":"yId9hFnMkt5h","executionInfo":{"status":"ok","timestamp":1711553605782,"user_tz":-330,"elapsed":2103,"user":{"displayName":"Hari K G","userId":"05320842881959969688"}}},"execution_count":3,"outputs":[]},{"cell_type":"code","source":["data.head()"],"metadata":{"colab":{"base_uri":"https://localhost:8080/","height":272},"id":"fyMGzTeMlTMx","executionInfo":{"status":"ok","timestamp":1711553605783,"user_tz":-330,"elapsed":10,"user":{"displayName":"Hari K G","userId":"05320842881959969688"}},"outputId":"be3fb77f-17e5-4ac3-b113-2a4d5fd33974"},"execution_count":4,"outputs":[{"output_type":"execute_result","data":{"text/plain":["   Unnamed: 0          id             date     price  bedrooms bathrooms  \\\n","0           0  7129300520  20141013T000000  221900.0       3.0         1   \n","1           1  6414100192  20141209T000000       NaN       NaN         ?   \n","2           2  5631500400  20150225T000000  180000.0       2.0         1   \n","3           3  2487200875  20141209T000000  604000.0       4.0         3   \n","4           4  1954400510  20150218T000000  510000.0       3.0         2   \n","\n","   sqft_living  sqft_lot  floors  waterfront  ...  grade  sqft_above  \\\n","0       1180.0      5650     1.0           0  ...      7        1180   \n","1          NaN      7242     2.0           0  ...      7        2170   \n","2        770.0     10000     1.0           0  ...      6         770   \n","3       1960.0      5000     1.0           0  ...      7        1050   \n","4       1680.0      8080     1.0           0  ...      8        1680   \n","\n","   sqft_basement  yr_built  yr_renovated  zipcode      lat     long  \\\n","0              0      1955             0    98178  47.5112 -122.257   \n","1            400      1951          1991    98125  47.7210 -122.319   \n","2              0      1933             0    98028  47.7379 -122.233   \n","3            910      1965             0    98136  47.5208 -122.393   \n","4              0      1987             0    98074  47.6168 -122.045   \n","\n","   sqft_living15  sqft_lot15  \n","0           1340        5650  \n","1           1690        7639  \n","2           2720        8062  \n","3           1360        5000  \n","4           1800        7503  \n","\n","[5 rows x 22 columns]"],"text/html":["\n","  <div id=\"df-cc5d5276-9627-4ddd-8ed6-6c7362172a8e\" class=\"colab-df-container\">\n","    <div>\n","<style scoped>\n","    .dataframe tbody tr th:only-of-type {\n","        vertical-align: middle;\n","    }\n","\n","    .dataframe tbody tr th {\n","        vertical-align: top;\n","    }\n","\n","    .dataframe thead th {\n","        text-align: right;\n","    }\n","</style>\n","<table border=\"1\" class=\"dataframe\">\n","  <thead>\n","    <tr style=\"text-align: right;\">\n","      <th></th>\n","      <th>Unnamed: 0</th>\n","      <th>id</th>\n","      <th>date</th>\n","      <th>price</th>\n","      <th>bedrooms</th>\n","      <th>bathrooms</th>\n","      <th>sqft_living</th>\n","      <th>sqft_lot</th>\n","      <th>floors</th>\n","      <th>waterfront</th>\n","      <th>...</th>\n","      <th>grade</th>\n","      <th>sqft_above</th>\n","      <th>sqft_basement</th>\n","      <th>yr_built</th>\n","      <th>yr_renovated</th>\n","      <th>zipcode</th>\n","      <th>lat</th>\n","      <th>long</th>\n","      <th>sqft_living15</th>\n","      <th>sqft_lot15</th>\n","    </tr>\n","  </thead>\n","  <tbody>\n","    <tr>\n","      <th>0</th>\n","      <td>0</td>\n","      <td>7129300520</td>\n","      <td>20141013T000000</td>\n","      <td>221900.0</td>\n","      <td>3.0</td>\n","      <td>1</td>\n","      <td>1180.0</td>\n","      <td>5650</td>\n","      <td>1.0</td>\n","      <td>0</td>\n","      <td>...</td>\n","      <td>7</td>\n","      <td>1180</td>\n","      <td>0</td>\n","      <td>1955</td>\n","      <td>0</td>\n","      <td>98178</td>\n","      <td>47.5112</td>\n","      <td>-122.257</td>\n","      <td>1340</td>\n","      <td>5650</td>\n","    </tr>\n","    <tr>\n","      <th>1</th>\n","      <td>1</td>\n","      <td>6414100192</td>\n","      <td>20141209T000000</td>\n","      <td>NaN</td>\n","      <td>NaN</td>\n","      <td>?</td>\n","      <td>NaN</td>\n","      <td>7242</td>\n","      <td>2.0</td>\n","      <td>0</td>\n","      <td>...</td>\n","      <td>7</td>\n","      <td>2170</td>\n","      <td>400</td>\n","      <td>1951</td>\n","      <td>1991</td>\n","      <td>98125</td>\n","      <td>47.7210</td>\n","      <td>-122.319</td>\n","      <td>1690</td>\n","      <td>7639</td>\n","    </tr>\n","    <tr>\n","      <th>2</th>\n","      <td>2</td>\n","      <td>5631500400</td>\n","      <td>20150225T000000</td>\n","      <td>180000.0</td>\n","      <td>2.0</td>\n","      <td>1</td>\n","      <td>770.0</td>\n","      <td>10000</td>\n","      <td>1.0</td>\n","      <td>0</td>\n","      <td>...</td>\n","      <td>6</td>\n","      <td>770</td>\n","      <td>0</td>\n","      <td>1933</td>\n","      <td>0</td>\n","      <td>98028</td>\n","      <td>47.7379</td>\n","      <td>-122.233</td>\n","      <td>2720</td>\n","      <td>8062</td>\n","    </tr>\n","    <tr>\n","      <th>3</th>\n","      <td>3</td>\n","      <td>2487200875</td>\n","      <td>20141209T000000</td>\n","      <td>604000.0</td>\n","      <td>4.0</td>\n","      <td>3</td>\n","      <td>1960.0</td>\n","      <td>5000</td>\n","      <td>1.0</td>\n","      <td>0</td>\n","      <td>...</td>\n","      <td>7</td>\n","      <td>1050</td>\n","      <td>910</td>\n","      <td>1965</td>\n","      <td>0</td>\n","      <td>98136</td>\n","      <td>47.5208</td>\n","      <td>-122.393</td>\n","      <td>1360</td>\n","      <td>5000</td>\n","    </tr>\n","    <tr>\n","      <th>4</th>\n","      <td>4</td>\n","      <td>1954400510</td>\n","      <td>20150218T000000</td>\n","      <td>510000.0</td>\n","      <td>3.0</td>\n","      <td>2</td>\n","      <td>1680.0</td>\n","      <td>8080</td>\n","      <td>1.0</td>\n","      <td>0</td>\n","      <td>...</td>\n","      <td>8</td>\n","      <td>1680</td>\n","      <td>0</td>\n","      <td>1987</td>\n","      <td>0</td>\n","      <td>98074</td>\n","      <td>47.6168</td>\n","      <td>-122.045</td>\n","      <td>1800</td>\n","      <td>7503</td>\n","    </tr>\n","  </tbody>\n","</table>\n","<p>5 rows × 22 columns</p>\n","</div>\n","    <div class=\"colab-df-buttons\">\n","\n","  <div class=\"colab-df-container\">\n","    <button class=\"colab-df-convert\" onclick=\"convertToInteractive('df-cc5d5276-9627-4ddd-8ed6-6c7362172a8e')\"\n","            title=\"Convert this dataframe to an interactive table.\"\n","            style=\"display:none;\">\n","\n","  <svg xmlns=\"http://www.w3.org/2000/svg\" height=\"24px\" viewBox=\"0 -960 960 960\">\n","    <path d=\"M120-120v-720h720v720H120Zm60-500h600v-160H180v160Zm220 220h160v-160H400v160Zm0 220h160v-160H400v160ZM180-400h160v-160H180v160Zm440 0h160v-160H620v160ZM180-180h160v-160H180v160Zm440 0h160v-160H620v160Z\"/>\n","  </svg>\n","    </button>\n","\n","  <style>\n","    .colab-df-container {\n","      display:flex;\n","      gap: 12px;\n","    }\n","\n","    .colab-df-convert {\n","      background-color: #E8F0FE;\n","      border: none;\n","      border-radius: 50%;\n","      cursor: pointer;\n","      display: none;\n","      fill: #1967D2;\n","      height: 32px;\n","      padding: 0 0 0 0;\n","      width: 32px;\n","    }\n","\n","    .colab-df-convert:hover {\n","      background-color: #E2EBFA;\n","      box-shadow: 0px 1px 2px rgba(60, 64, 67, 0.3), 0px 1px 3px 1px rgba(60, 64, 67, 0.15);\n","      fill: #174EA6;\n","    }\n","\n","    .colab-df-buttons div {\n","      margin-bottom: 4px;\n","    }\n","\n","    [theme=dark] .colab-df-convert {\n","      background-color: #3B4455;\n","      fill: #D2E3FC;\n","    }\n","\n","    [theme=dark] .colab-df-convert:hover {\n","      background-color: #434B5C;\n","      box-shadow: 0px 1px 3px 1px rgba(0, 0, 0, 0.15);\n","      filter: drop-shadow(0px 1px 2px rgba(0, 0, 0, 0.3));\n","      fill: #FFFFFF;\n","    }\n","  </style>\n","\n","    <script>\n","      const buttonEl =\n","        document.querySelector('#df-cc5d5276-9627-4ddd-8ed6-6c7362172a8e button.colab-df-convert');\n","      buttonEl.style.display =\n","        google.colab.kernel.accessAllowed ? 'block' : 'none';\n","\n","      async function convertToInteractive(key) {\n","        const element = document.querySelector('#df-cc5d5276-9627-4ddd-8ed6-6c7362172a8e');\n","        const dataTable =\n","          await google.colab.kernel.invokeFunction('convertToInteractive',\n","                                                    [key], {});\n","        if (!dataTable) return;\n","\n","        const docLinkHtml = 'Like what you see? Visit the ' +\n","          '<a target=\"_blank\" href=https://colab.research.google.com/notebooks/data_table.ipynb>data table notebook</a>'\n","          + ' to learn more about interactive tables.';\n","        element.innerHTML = '';\n","        dataTable['output_type'] = 'display_data';\n","        await google.colab.output.renderOutput(dataTable, element);\n","        const docLink = document.createElement('div');\n","        docLink.innerHTML = docLinkHtml;\n","        element.appendChild(docLink);\n","      }\n","    </script>\n","  </div>\n","\n","\n","<div id=\"df-bba3840a-5dd4-458b-822d-8adc22996d4a\">\n","  <button class=\"colab-df-quickchart\" onclick=\"quickchart('df-bba3840a-5dd4-458b-822d-8adc22996d4a')\"\n","            title=\"Suggest charts\"\n","            style=\"display:none;\">\n","\n","<svg xmlns=\"http://www.w3.org/2000/svg\" height=\"24px\"viewBox=\"0 0 24 24\"\n","     width=\"24px\">\n","    <g>\n","        <path d=\"M19 3H5c-1.1 0-2 .9-2 2v14c0 1.1.9 2 2 2h14c1.1 0 2-.9 2-2V5c0-1.1-.9-2-2-2zM9 17H7v-7h2v7zm4 0h-2V7h2v10zm4 0h-2v-4h2v4z\"/>\n","    </g>\n","</svg>\n","  </button>\n","\n","<style>\n","  .colab-df-quickchart {\n","      --bg-color: #E8F0FE;\n","      --fill-color: #1967D2;\n","      --hover-bg-color: #E2EBFA;\n","      --hover-fill-color: #174EA6;\n","      --disabled-fill-color: #AAA;\n","      --disabled-bg-color: #DDD;\n","  }\n","\n","  [theme=dark] .colab-df-quickchart {\n","      --bg-color: #3B4455;\n","      --fill-color: #D2E3FC;\n","      --hover-bg-color: #434B5C;\n","      --hover-fill-color: #FFFFFF;\n","      --disabled-bg-color: #3B4455;\n","      --disabled-fill-color: #666;\n","  }\n","\n","  .colab-df-quickchart {\n","    background-color: var(--bg-color);\n","    border: none;\n","    border-radius: 50%;\n","    cursor: pointer;\n","    display: none;\n","    fill: var(--fill-color);\n","    height: 32px;\n","    padding: 0;\n","    width: 32px;\n","  }\n","\n","  .colab-df-quickchart:hover {\n","    background-color: var(--hover-bg-color);\n","    box-shadow: 0 1px 2px rgba(60, 64, 67, 0.3), 0 1px 3px 1px rgba(60, 64, 67, 0.15);\n","    fill: var(--button-hover-fill-color);\n","  }\n","\n","  .colab-df-quickchart-complete:disabled,\n","  .colab-df-quickchart-complete:disabled:hover {\n","    background-color: var(--disabled-bg-color);\n","    fill: var(--disabled-fill-color);\n","    box-shadow: none;\n","  }\n","\n","  .colab-df-spinner {\n","    border: 2px solid var(--fill-color);\n","    border-color: transparent;\n","    border-bottom-color: var(--fill-color);\n","    animation:\n","      spin 1s steps(1) infinite;\n","  }\n","\n","  @keyframes spin {\n","    0% {\n","      border-color: transparent;\n","      border-bottom-color: var(--fill-color);\n","      border-left-color: var(--fill-color);\n","    }\n","    20% {\n","      border-color: transparent;\n","      border-left-color: var(--fill-color);\n","      border-top-color: var(--fill-color);\n","    }\n","    30% {\n","      border-color: transparent;\n","      border-left-color: var(--fill-color);\n","      border-top-color: var(--fill-color);\n","      border-right-color: var(--fill-color);\n","    }\n","    40% {\n","      border-color: transparent;\n","      border-right-color: var(--fill-color);\n","      border-top-color: var(--fill-color);\n","    }\n","    60% {\n","      border-color: transparent;\n","      border-right-color: var(--fill-color);\n","    }\n","    80% {\n","      border-color: transparent;\n","      border-right-color: var(--fill-color);\n","      border-bottom-color: var(--fill-color);\n","    }\n","    90% {\n","      border-color: transparent;\n","      border-bottom-color: var(--fill-color);\n","    }\n","  }\n","</style>\n","\n","  <script>\n","    async function quickchart(key) {\n","      const quickchartButtonEl =\n","        document.querySelector('#' + key + ' button');\n","      quickchartButtonEl.disabled = true;  // To prevent multiple clicks.\n","      quickchartButtonEl.classList.add('colab-df-spinner');\n","      try {\n","        const charts = await google.colab.kernel.invokeFunction(\n","            'suggestCharts', [key], {});\n","      } catch (error) {\n","        console.error('Error during call to suggestCharts:', error);\n","      }\n","      quickchartButtonEl.classList.remove('colab-df-spinner');\n","      quickchartButtonEl.classList.add('colab-df-quickchart-complete');\n","    }\n","    (() => {\n","      let quickchartButtonEl =\n","        document.querySelector('#df-bba3840a-5dd4-458b-822d-8adc22996d4a button');\n","      quickchartButtonEl.style.display =\n","        google.colab.kernel.accessAllowed ? 'block' : 'none';\n","    })();\n","  </script>\n","</div>\n","    </div>\n","  </div>\n"],"application/vnd.google.colaboratory.intrinsic+json":{"type":"dataframe","variable_name":"data"}},"metadata":{},"execution_count":4}]},{"cell_type":"code","source":["data.isnull().sum()"],"metadata":{"colab":{"base_uri":"https://localhost:8080/"},"id":"2ySFK51ElWVZ","executionInfo":{"status":"ok","timestamp":1711553607084,"user_tz":-330,"elapsed":7,"user":{"displayName":"Hari K G","userId":"05320842881959969688"}},"outputId":"214b6aae-4fc9-40b7-d2f0-489613c1d024"},"execution_count":5,"outputs":[{"output_type":"execute_result","data":{"text/plain":["Unnamed: 0       0\n","id               0\n","date             0\n","price            1\n","bedrooms         1\n","bathrooms        0\n","sqft_living      1\n","sqft_lot         0\n","floors           0\n","waterfront       0\n","view             0\n","condition        0\n","grade            0\n","sqft_above       0\n","sqft_basement    0\n","yr_built         0\n","yr_renovated     0\n","zipcode          0\n","lat              0\n","long             0\n","sqft_living15    0\n","sqft_lot15       0\n","dtype: int64"]},"metadata":{},"execution_count":5}]},{"cell_type":"code","source":["data=data.replace('?',np.nan)"],"metadata":{"id":"IBITN8VwlZWS","executionInfo":{"status":"ok","timestamp":1711553608706,"user_tz":-330,"elapsed":4,"user":{"displayName":"Hari K G","userId":"05320842881959969688"}}},"execution_count":6,"outputs":[]},{"cell_type":"code","source":["data=data.fillna(data.mean())"],"metadata":{"colab":{"base_uri":"https://localhost:8080/"},"id":"1TQQelpRldjh","executionInfo":{"status":"ok","timestamp":1711553609408,"user_tz":-330,"elapsed":705,"user":{"displayName":"Hari K G","userId":"05320842881959969688"}},"outputId":"03fec5d3-391d-47f2-a3ae-a16cb5c6be6b"},"execution_count":7,"outputs":[{"output_type":"stream","name":"stderr","text":["<ipython-input-7-2fdd91382263>:1: FutureWarning: The default value of numeric_only in DataFrame.mean is deprecated. In a future version, it will default to False. In addition, specifying 'numeric_only=None' is deprecated. Select only valid columns or specify the value of numeric_only to silence this warning.\n","  data=data.fillna(data.mean())\n"]}]},{"cell_type":"code","source":["data=data.dropna()"],"metadata":{"id":"nyCssHrGlhyI","executionInfo":{"status":"ok","timestamp":1711553609409,"user_tz":-330,"elapsed":4,"user":{"displayName":"Hari K G","userId":"05320842881959969688"}}},"execution_count":8,"outputs":[]},{"cell_type":"code","source":["data.corr()"],"metadata":{"colab":{"base_uri":"https://localhost:8080/","height":749},"id":"7V58QDHxlpVx","executionInfo":{"status":"ok","timestamp":1711553610220,"user_tz":-330,"elapsed":11,"user":{"displayName":"Hari K G","userId":"05320842881959969688"}},"outputId":"5fed4c32-72ef-4baa-947d-7b66d54898a9"},"execution_count":9,"outputs":[{"output_type":"stream","name":"stderr","text":["<ipython-input-9-c44ded798807>:1: FutureWarning: The default value of numeric_only in DataFrame.corr is deprecated. In a future version, it will default to False. Select only valid columns or specify the value of numeric_only to silence this warning.\n","  data.corr()\n"]},{"output_type":"execute_result","data":{"text/plain":["               Unnamed: 0        id     price  bedrooms  sqft_living  \\\n","Unnamed: 0       1.000000  0.006770  0.027374  0.010762     0.044763   \n","id               0.006770  1.000000 -0.016762  0.001298    -0.012274   \n","price            0.027374 -0.016762  1.000000  0.308351     0.702040   \n","bedrooms         0.010762  0.001298  0.308351  1.000000     0.576686   \n","sqft_living      0.044763 -0.012274  0.702040  0.576686     1.000000   \n","sqft_lot        -0.026894 -0.132104  0.089661  0.031700     0.172832   \n","floors           0.179229  0.018498  0.256799  0.175450     0.353936   \n","waterfront      -0.007619 -0.002719  0.266369 -0.006584     0.103821   \n","view            -0.013776  0.011602  0.397294  0.079527     0.284621   \n","condition       -0.095477 -0.023764  0.036362  0.028461    -0.058738   \n","grade            0.082011  0.008147  0.667439  0.356960     0.762729   \n","sqft_above       0.072000 -0.010856  0.605570  0.477613     0.876595   \n","sqft_basement   -0.041825 -0.005158  0.323817  0.303099     0.435040   \n","yr_built         0.199511  0.021401  0.054012  0.154168     0.318071   \n","yr_renovated    -0.025235 -0.017056  0.126501  0.018938     0.055275   \n","zipcode         -0.002129 -0.008250 -0.053204 -0.152656    -0.199457   \n","lat              0.000795 -0.001925  0.307013 -0.008910     0.052503   \n","long             0.008590  0.020821  0.021626  0.129461     0.240246   \n","sqft_living15    0.026614 -0.002888  0.585381  0.391633     0.756439   \n","sqft_lot15      -0.029844 -0.138794  0.082447  0.029241     0.183292   \n","\n","               sqft_lot    floors  waterfront      view  condition     grade  \\\n","Unnamed: 0    -0.026894  0.179229   -0.007619 -0.013776  -0.095477  0.082011   \n","id            -0.132104  0.018498   -0.002719  0.011602  -0.023764  0.008147   \n","price          0.089661  0.256799    0.266369  0.397294   0.036362  0.667439   \n","bedrooms       0.031700  0.175450   -0.006584  0.079527   0.028461  0.356960   \n","sqft_living    0.172832  0.353936    0.103821  0.284621  -0.058738  0.762729   \n","sqft_lot       1.000000 -0.005193    0.021603  0.074708  -0.008964  0.113617   \n","floors        -0.005193  1.000000    0.023703  0.029458  -0.263748  0.458219   \n","waterfront     0.021603  0.023703    1.000000  0.401857   0.016651  0.082773   \n","view           0.074708  0.029458    0.401857  1.000000   0.045981  0.251315   \n","condition     -0.008964 -0.263748    0.016651  0.045981   1.000000 -0.144692   \n","grade          0.113617  0.458219    0.082773  0.251315  -0.144692  1.000000   \n","sqft_above     0.183517  0.523878    0.072077  0.167657  -0.158202  0.755944   \n","sqft_basement  0.015288 -0.245720    0.080589  0.276951   0.174114  0.168400   \n","yr_built       0.053075  0.489364   -0.026164 -0.053450  -0.361444  0.446954   \n","yr_renovated   0.007689  0.006136    0.092952  0.104039  -0.060512  0.014545   \n","zipcode       -0.129569 -0.059161    0.030289  0.084841   0.003051 -0.184844   \n","lat           -0.085675  0.049566   -0.014270  0.006173  -0.014908  0.114118   \n","long           0.229517  0.125456   -0.041914 -0.078411  -0.106525  0.198357   \n","sqft_living15  0.144605  0.279911    0.086462  0.280435  -0.092838  0.713199   \n","sqft_lot15     0.718556 -0.011261    0.030703  0.072572  -0.003411  0.119244   \n","\n","               sqft_above  sqft_basement  yr_built  yr_renovated   zipcode  \\\n","Unnamed: 0       0.072000      -0.041825  0.199511     -0.025235 -0.002129   \n","id              -0.010856      -0.005158  0.021401     -0.017056 -0.008250   \n","price            0.605570       0.323817  0.054012      0.126501 -0.053204   \n","bedrooms         0.477613       0.303099  0.154168      0.018938 -0.152656   \n","sqft_living      0.876595       0.435040  0.318071      0.055275 -0.199457   \n","sqft_lot         0.183517       0.015288  0.053075      0.007689 -0.129569   \n","floors           0.523878      -0.245720  0.489364      0.006136 -0.059161   \n","waterfront       0.072077       0.080589 -0.026164      0.092952  0.030289   \n","view             0.167657       0.276951 -0.053450      0.104039  0.084841   \n","condition       -0.158202       0.174114 -0.361444     -0.060512  0.003051   \n","grade            0.755944       0.168400  0.446954      0.014545 -0.184844   \n","sqft_above       1.000000      -0.051949  0.423920      0.023196 -0.261215   \n","sqft_basement   -0.051949       1.000000 -0.133118      0.071306  0.074836   \n","yr_built         0.423920      -0.133118  1.000000     -0.224844 -0.346851   \n","yr_renovated     0.023196       0.071306 -0.224844      1.000000  0.064198   \n","zipcode         -0.261215       0.074836 -0.346851      0.064198  1.000000   \n","lat             -0.000841       0.110528 -0.148092      0.029159  0.267014   \n","long             0.343825      -0.144758  0.409342     -0.068245 -0.564059   \n","sqft_living15    0.731886       0.200361  0.326220     -0.002579 -0.279022   \n","sqft_lot15       0.194055       0.017278  0.070953      0.007899 -0.147216   \n","\n","                    lat      long  sqft_living15  sqft_lot15  \n","Unnamed: 0     0.000795  0.008590       0.026614   -0.029844  \n","id            -0.001925  0.020821      -0.002888   -0.138794  \n","price          0.307013  0.021626       0.585381    0.082447  \n","bedrooms      -0.008910  0.129461       0.391633    0.029241  \n","sqft_living    0.052503  0.240246       0.756439    0.183292  \n","sqft_lot      -0.085675  0.229517       0.144605    0.718556  \n","floors         0.049566  0.125456       0.279911   -0.011261  \n","waterfront    -0.014270 -0.041914       0.086462    0.030703  \n","view           0.006173 -0.078411       0.280435    0.072572  \n","condition     -0.014908 -0.106525      -0.092838   -0.003411  \n","grade          0.114118  0.198357       0.713199    0.119244  \n","sqft_above    -0.000841  0.343825       0.731886    0.194055  \n","sqft_basement  0.110528 -0.144758       0.200361    0.017278  \n","yr_built      -0.148092  0.409342       0.326220    0.070953  \n","yr_renovated   0.029159 -0.068245      -0.002579    0.007899  \n","zipcode        0.267014 -0.564059      -0.279022   -0.147216  \n","lat            1.000000 -0.135478       0.048883   -0.086411  \n","long          -0.135478  1.000000       0.334596    0.254448  \n","sqft_living15  0.048883  0.334596       1.000000    0.183189  \n","sqft_lot15    -0.086411  0.254448       0.183189    1.000000  "],"text/html":["\n","  <div id=\"df-9614404e-a09b-4a1c-8289-769f4713e925\" class=\"colab-df-container\">\n","    <div>\n","<style scoped>\n","    .dataframe tbody tr th:only-of-type {\n","        vertical-align: middle;\n","    }\n","\n","    .dataframe tbody tr th {\n","        vertical-align: top;\n","    }\n","\n","    .dataframe thead th {\n","        text-align: right;\n","    }\n","</style>\n","<table border=\"1\" class=\"dataframe\">\n","  <thead>\n","    <tr style=\"text-align: right;\">\n","      <th></th>\n","      <th>Unnamed: 0</th>\n","      <th>id</th>\n","      <th>price</th>\n","      <th>bedrooms</th>\n","      <th>sqft_living</th>\n","      <th>sqft_lot</th>\n","      <th>floors</th>\n","      <th>waterfront</th>\n","      <th>view</th>\n","      <th>condition</th>\n","      <th>grade</th>\n","      <th>sqft_above</th>\n","      <th>sqft_basement</th>\n","      <th>yr_built</th>\n","      <th>yr_renovated</th>\n","      <th>zipcode</th>\n","      <th>lat</th>\n","      <th>long</th>\n","      <th>sqft_living15</th>\n","      <th>sqft_lot15</th>\n","    </tr>\n","  </thead>\n","  <tbody>\n","    <tr>\n","      <th>Unnamed: 0</th>\n","      <td>1.000000</td>\n","      <td>0.006770</td>\n","      <td>0.027374</td>\n","      <td>0.010762</td>\n","      <td>0.044763</td>\n","      <td>-0.026894</td>\n","      <td>0.179229</td>\n","      <td>-0.007619</td>\n","      <td>-0.013776</td>\n","      <td>-0.095477</td>\n","      <td>0.082011</td>\n","      <td>0.072000</td>\n","      <td>-0.041825</td>\n","      <td>0.199511</td>\n","      <td>-0.025235</td>\n","      <td>-0.002129</td>\n","      <td>0.000795</td>\n","      <td>0.008590</td>\n","      <td>0.026614</td>\n","      <td>-0.029844</td>\n","    </tr>\n","    <tr>\n","      <th>id</th>\n","      <td>0.006770</td>\n","      <td>1.000000</td>\n","      <td>-0.016762</td>\n","      <td>0.001298</td>\n","      <td>-0.012274</td>\n","      <td>-0.132104</td>\n","      <td>0.018498</td>\n","      <td>-0.002719</td>\n","      <td>0.011602</td>\n","      <td>-0.023764</td>\n","      <td>0.008147</td>\n","      <td>-0.010856</td>\n","      <td>-0.005158</td>\n","      <td>0.021401</td>\n","      <td>-0.017056</td>\n","      <td>-0.008250</td>\n","      <td>-0.001925</td>\n","      <td>0.020821</td>\n","      <td>-0.002888</td>\n","      <td>-0.138794</td>\n","    </tr>\n","    <tr>\n","      <th>price</th>\n","      <td>0.027374</td>\n","      <td>-0.016762</td>\n","      <td>1.000000</td>\n","      <td>0.308351</td>\n","      <td>0.702040</td>\n","      <td>0.089661</td>\n","      <td>0.256799</td>\n","      <td>0.266369</td>\n","      <td>0.397294</td>\n","      <td>0.036362</td>\n","      <td>0.667439</td>\n","      <td>0.605570</td>\n","      <td>0.323817</td>\n","      <td>0.054012</td>\n","      <td>0.126501</td>\n","      <td>-0.053204</td>\n","      <td>0.307013</td>\n","      <td>0.021626</td>\n","      <td>0.585381</td>\n","      <td>0.082447</td>\n","    </tr>\n","    <tr>\n","      <th>bedrooms</th>\n","      <td>0.010762</td>\n","      <td>0.001298</td>\n","      <td>0.308351</td>\n","      <td>1.000000</td>\n","      <td>0.576686</td>\n","      <td>0.031700</td>\n","      <td>0.175450</td>\n","      <td>-0.006584</td>\n","      <td>0.079527</td>\n","      <td>0.028461</td>\n","      <td>0.356960</td>\n","      <td>0.477613</td>\n","      <td>0.303099</td>\n","      <td>0.154168</td>\n","      <td>0.018938</td>\n","      <td>-0.152656</td>\n","      <td>-0.008910</td>\n","      <td>0.129461</td>\n","      <td>0.391633</td>\n","      <td>0.029241</td>\n","    </tr>\n","    <tr>\n","      <th>sqft_living</th>\n","      <td>0.044763</td>\n","      <td>-0.012274</td>\n","      <td>0.702040</td>\n","      <td>0.576686</td>\n","      <td>1.000000</td>\n","      <td>0.172832</td>\n","      <td>0.353936</td>\n","      <td>0.103821</td>\n","      <td>0.284621</td>\n","      <td>-0.058738</td>\n","      <td>0.762729</td>\n","      <td>0.876595</td>\n","      <td>0.435040</td>\n","      <td>0.318071</td>\n","      <td>0.055275</td>\n","      <td>-0.199457</td>\n","      <td>0.052503</td>\n","      <td>0.240246</td>\n","      <td>0.756439</td>\n","      <td>0.183292</td>\n","    </tr>\n","    <tr>\n","      <th>sqft_lot</th>\n","      <td>-0.026894</td>\n","      <td>-0.132104</td>\n","      <td>0.089661</td>\n","      <td>0.031700</td>\n","      <td>0.172832</td>\n","      <td>1.000000</td>\n","      <td>-0.005193</td>\n","      <td>0.021603</td>\n","      <td>0.074708</td>\n","      <td>-0.008964</td>\n","      <td>0.113617</td>\n","      <td>0.183517</td>\n","      <td>0.015288</td>\n","      <td>0.053075</td>\n","      <td>0.007689</td>\n","      <td>-0.129569</td>\n","      <td>-0.085675</td>\n","      <td>0.229517</td>\n","      <td>0.144605</td>\n","      <td>0.718556</td>\n","    </tr>\n","    <tr>\n","      <th>floors</th>\n","      <td>0.179229</td>\n","      <td>0.018498</td>\n","      <td>0.256799</td>\n","      <td>0.175450</td>\n","      <td>0.353936</td>\n","      <td>-0.005193</td>\n","      <td>1.000000</td>\n","      <td>0.023703</td>\n","      <td>0.029458</td>\n","      <td>-0.263748</td>\n","      <td>0.458219</td>\n","      <td>0.523878</td>\n","      <td>-0.245720</td>\n","      <td>0.489364</td>\n","      <td>0.006136</td>\n","      <td>-0.059161</td>\n","      <td>0.049566</td>\n","      <td>0.125456</td>\n","      <td>0.279911</td>\n","      <td>-0.011261</td>\n","    </tr>\n","    <tr>\n","      <th>waterfront</th>\n","      <td>-0.007619</td>\n","      <td>-0.002719</td>\n","      <td>0.266369</td>\n","      <td>-0.006584</td>\n","      <td>0.103821</td>\n","      <td>0.021603</td>\n","      <td>0.023703</td>\n","      <td>1.000000</td>\n","      <td>0.401857</td>\n","      <td>0.016651</td>\n","      <td>0.082773</td>\n","      <td>0.072077</td>\n","      <td>0.080589</td>\n","      <td>-0.026164</td>\n","      <td>0.092952</td>\n","      <td>0.030289</td>\n","      <td>-0.014270</td>\n","      <td>-0.041914</td>\n","      <td>0.086462</td>\n","      <td>0.030703</td>\n","    </tr>\n","    <tr>\n","      <th>view</th>\n","      <td>-0.013776</td>\n","      <td>0.011602</td>\n","      <td>0.397294</td>\n","      <td>0.079527</td>\n","      <td>0.284621</td>\n","      <td>0.074708</td>\n","      <td>0.029458</td>\n","      <td>0.401857</td>\n","      <td>1.000000</td>\n","      <td>0.045981</td>\n","      <td>0.251315</td>\n","      <td>0.167657</td>\n","      <td>0.276951</td>\n","      <td>-0.053450</td>\n","      <td>0.104039</td>\n","      <td>0.084841</td>\n","      <td>0.006173</td>\n","      <td>-0.078411</td>\n","      <td>0.280435</td>\n","      <td>0.072572</td>\n","    </tr>\n","    <tr>\n","      <th>condition</th>\n","      <td>-0.095477</td>\n","      <td>-0.023764</td>\n","      <td>0.036362</td>\n","      <td>0.028461</td>\n","      <td>-0.058738</td>\n","      <td>-0.008964</td>\n","      <td>-0.263748</td>\n","      <td>0.016651</td>\n","      <td>0.045981</td>\n","      <td>1.000000</td>\n","      <td>-0.144692</td>\n","      <td>-0.158202</td>\n","      <td>0.174114</td>\n","      <td>-0.361444</td>\n","      <td>-0.060512</td>\n","      <td>0.003051</td>\n","      <td>-0.014908</td>\n","      <td>-0.106525</td>\n","      <td>-0.092838</td>\n","      <td>-0.003411</td>\n","    </tr>\n","    <tr>\n","      <th>grade</th>\n","      <td>0.082011</td>\n","      <td>0.008147</td>\n","      <td>0.667439</td>\n","      <td>0.356960</td>\n","      <td>0.762729</td>\n","      <td>0.113617</td>\n","      <td>0.458219</td>\n","      <td>0.082773</td>\n","      <td>0.251315</td>\n","      <td>-0.144692</td>\n","      <td>1.000000</td>\n","      <td>0.755944</td>\n","      <td>0.168400</td>\n","      <td>0.446954</td>\n","      <td>0.014545</td>\n","      <td>-0.184844</td>\n","      <td>0.114118</td>\n","      <td>0.198357</td>\n","      <td>0.713199</td>\n","      <td>0.119244</td>\n","    </tr>\n","    <tr>\n","      <th>sqft_above</th>\n","      <td>0.072000</td>\n","      <td>-0.010856</td>\n","      <td>0.605570</td>\n","      <td>0.477613</td>\n","      <td>0.876595</td>\n","      <td>0.183517</td>\n","      <td>0.523878</td>\n","      <td>0.072077</td>\n","      <td>0.167657</td>\n","      <td>-0.158202</td>\n","      <td>0.755944</td>\n","      <td>1.000000</td>\n","      <td>-0.051949</td>\n","      <td>0.423920</td>\n","      <td>0.023196</td>\n","      <td>-0.261215</td>\n","      <td>-0.000841</td>\n","      <td>0.343825</td>\n","      <td>0.731886</td>\n","      <td>0.194055</td>\n","    </tr>\n","    <tr>\n","      <th>sqft_basement</th>\n","      <td>-0.041825</td>\n","      <td>-0.005158</td>\n","      <td>0.323817</td>\n","      <td>0.303099</td>\n","      <td>0.435040</td>\n","      <td>0.015288</td>\n","      <td>-0.245720</td>\n","      <td>0.080589</td>\n","      <td>0.276951</td>\n","      <td>0.174114</td>\n","      <td>0.168400</td>\n","      <td>-0.051949</td>\n","      <td>1.000000</td>\n","      <td>-0.133118</td>\n","      <td>0.071306</td>\n","      <td>0.074836</td>\n","      <td>0.110528</td>\n","      <td>-0.144758</td>\n","      <td>0.200361</td>\n","      <td>0.017278</td>\n","    </tr>\n","    <tr>\n","      <th>yr_built</th>\n","      <td>0.199511</td>\n","      <td>0.021401</td>\n","      <td>0.054012</td>\n","      <td>0.154168</td>\n","      <td>0.318071</td>\n","      <td>0.053075</td>\n","      <td>0.489364</td>\n","      <td>-0.026164</td>\n","      <td>-0.053450</td>\n","      <td>-0.361444</td>\n","      <td>0.446954</td>\n","      <td>0.423920</td>\n","      <td>-0.133118</td>\n","      <td>1.000000</td>\n","      <td>-0.224844</td>\n","      <td>-0.346851</td>\n","      <td>-0.148092</td>\n","      <td>0.409342</td>\n","      <td>0.326220</td>\n","      <td>0.070953</td>\n","    </tr>\n","    <tr>\n","      <th>yr_renovated</th>\n","      <td>-0.025235</td>\n","      <td>-0.017056</td>\n","      <td>0.126501</td>\n","      <td>0.018938</td>\n","      <td>0.055275</td>\n","      <td>0.007689</td>\n","      <td>0.006136</td>\n","      <td>0.092952</td>\n","      <td>0.104039</td>\n","      <td>-0.060512</td>\n","      <td>0.014545</td>\n","      <td>0.023196</td>\n","      <td>0.071306</td>\n","      <td>-0.224844</td>\n","      <td>1.000000</td>\n","      <td>0.064198</td>\n","      <td>0.029159</td>\n","      <td>-0.068245</td>\n","      <td>-0.002579</td>\n","      <td>0.007899</td>\n","    </tr>\n","    <tr>\n","      <th>zipcode</th>\n","      <td>-0.002129</td>\n","      <td>-0.008250</td>\n","      <td>-0.053204</td>\n","      <td>-0.152656</td>\n","      <td>-0.199457</td>\n","      <td>-0.129569</td>\n","      <td>-0.059161</td>\n","      <td>0.030289</td>\n","      <td>0.084841</td>\n","      <td>0.003051</td>\n","      <td>-0.184844</td>\n","      <td>-0.261215</td>\n","      <td>0.074836</td>\n","      <td>-0.346851</td>\n","      <td>0.064198</td>\n","      <td>1.000000</td>\n","      <td>0.267014</td>\n","      <td>-0.564059</td>\n","      <td>-0.279022</td>\n","      <td>-0.147216</td>\n","    </tr>\n","    <tr>\n","      <th>lat</th>\n","      <td>0.000795</td>\n","      <td>-0.001925</td>\n","      <td>0.307013</td>\n","      <td>-0.008910</td>\n","      <td>0.052503</td>\n","      <td>-0.085675</td>\n","      <td>0.049566</td>\n","      <td>-0.014270</td>\n","      <td>0.006173</td>\n","      <td>-0.014908</td>\n","      <td>0.114118</td>\n","      <td>-0.000841</td>\n","      <td>0.110528</td>\n","      <td>-0.148092</td>\n","      <td>0.029159</td>\n","      <td>0.267014</td>\n","      <td>1.000000</td>\n","      <td>-0.135478</td>\n","      <td>0.048883</td>\n","      <td>-0.086411</td>\n","    </tr>\n","    <tr>\n","      <th>long</th>\n","      <td>0.008590</td>\n","      <td>0.020821</td>\n","      <td>0.021626</td>\n","      <td>0.129461</td>\n","      <td>0.240246</td>\n","      <td>0.229517</td>\n","      <td>0.125456</td>\n","      <td>-0.041914</td>\n","      <td>-0.078411</td>\n","      <td>-0.106525</td>\n","      <td>0.198357</td>\n","      <td>0.343825</td>\n","      <td>-0.144758</td>\n","      <td>0.409342</td>\n","      <td>-0.068245</td>\n","      <td>-0.564059</td>\n","      <td>-0.135478</td>\n","      <td>1.000000</td>\n","      <td>0.334596</td>\n","      <td>0.254448</td>\n","    </tr>\n","    <tr>\n","      <th>sqft_living15</th>\n","      <td>0.026614</td>\n","      <td>-0.002888</td>\n","      <td>0.585381</td>\n","      <td>0.391633</td>\n","      <td>0.756439</td>\n","      <td>0.144605</td>\n","      <td>0.279911</td>\n","      <td>0.086462</td>\n","      <td>0.280435</td>\n","      <td>-0.092838</td>\n","      <td>0.713199</td>\n","      <td>0.731886</td>\n","      <td>0.200361</td>\n","      <td>0.326220</td>\n","      <td>-0.002579</td>\n","      <td>-0.279022</td>\n","      <td>0.048883</td>\n","      <td>0.334596</td>\n","      <td>1.000000</td>\n","      <td>0.183189</td>\n","    </tr>\n","    <tr>\n","      <th>sqft_lot15</th>\n","      <td>-0.029844</td>\n","      <td>-0.138794</td>\n","      <td>0.082447</td>\n","      <td>0.029241</td>\n","      <td>0.183292</td>\n","      <td>0.718556</td>\n","      <td>-0.011261</td>\n","      <td>0.030703</td>\n","      <td>0.072572</td>\n","      <td>-0.003411</td>\n","      <td>0.119244</td>\n","      <td>0.194055</td>\n","      <td>0.017278</td>\n","      <td>0.070953</td>\n","      <td>0.007899</td>\n","      <td>-0.147216</td>\n","      <td>-0.086411</td>\n","      <td>0.254448</td>\n","      <td>0.183189</td>\n","      <td>1.000000</td>\n","    </tr>\n","  </tbody>\n","</table>\n","</div>\n","    <div class=\"colab-df-buttons\">\n","\n","  <div class=\"colab-df-container\">\n","    <button class=\"colab-df-convert\" onclick=\"convertToInteractive('df-9614404e-a09b-4a1c-8289-769f4713e925')\"\n","            title=\"Convert this dataframe to an interactive table.\"\n","            style=\"display:none;\">\n","\n","  <svg xmlns=\"http://www.w3.org/2000/svg\" height=\"24px\" viewBox=\"0 -960 960 960\">\n","    <path d=\"M120-120v-720h720v720H120Zm60-500h600v-160H180v160Zm220 220h160v-160H400v160Zm0 220h160v-160H400v160ZM180-400h160v-160H180v160Zm440 0h160v-160H620v160ZM180-180h160v-160H180v160Zm440 0h160v-160H620v160Z\"/>\n","  </svg>\n","    </button>\n","\n","  <style>\n","    .colab-df-container {\n","      display:flex;\n","      gap: 12px;\n","    }\n","\n","    .colab-df-convert {\n","      background-color: #E8F0FE;\n","      border: none;\n","      border-radius: 50%;\n","      cursor: pointer;\n","      display: none;\n","      fill: #1967D2;\n","      height: 32px;\n","      padding: 0 0 0 0;\n","      width: 32px;\n","    }\n","\n","    .colab-df-convert:hover {\n","      background-color: #E2EBFA;\n","      box-shadow: 0px 1px 2px rgba(60, 64, 67, 0.3), 0px 1px 3px 1px rgba(60, 64, 67, 0.15);\n","      fill: #174EA6;\n","    }\n","\n","    .colab-df-buttons div {\n","      margin-bottom: 4px;\n","    }\n","\n","    [theme=dark] .colab-df-convert {\n","      background-color: #3B4455;\n","      fill: #D2E3FC;\n","    }\n","\n","    [theme=dark] .colab-df-convert:hover {\n","      background-color: #434B5C;\n","      box-shadow: 0px 1px 3px 1px rgba(0, 0, 0, 0.15);\n","      filter: drop-shadow(0px 1px 2px rgba(0, 0, 0, 0.3));\n","      fill: #FFFFFF;\n","    }\n","  </style>\n","\n","    <script>\n","      const buttonEl =\n","        document.querySelector('#df-9614404e-a09b-4a1c-8289-769f4713e925 button.colab-df-convert');\n","      buttonEl.style.display =\n","        google.colab.kernel.accessAllowed ? 'block' : 'none';\n","\n","      async function convertToInteractive(key) {\n","        const element = document.querySelector('#df-9614404e-a09b-4a1c-8289-769f4713e925');\n","        const dataTable =\n","          await google.colab.kernel.invokeFunction('convertToInteractive',\n","                                                    [key], {});\n","        if (!dataTable) return;\n","\n","        const docLinkHtml = 'Like what you see? Visit the ' +\n","          '<a target=\"_blank\" href=https://colab.research.google.com/notebooks/data_table.ipynb>data table notebook</a